825724
101506
364688
437294
823568
29185
813339
185780
906040
994062
503468
809868
326853
950946
351590
930711
256662
164879
435211
24323
961547
714662
155559
319486
863355
127948
769140
648949
313166
835516
57790
793834
476451
439520
568744
175202
211579
248001
365762
601811
223456
452052
442996
683706
979863
968475
800779
593056
148679
49122
695081
277269
111072
777324
231959
104288
910573
123597
661234
44902
121697
236466
235306
173610
313934
422
137938
177210
866636
181420
964473
869555
661607
335881
937355
509544
603629
298086
914089
55553
634436
305439
123768
459091
307503
383761
701248
745984
732342
38485
483369
847687
624177
873456
749156
295534
604469
72709
173678
402445
769387
808935
176950
378665
155571
666786
473031
260711
983192
498080
239534
403728
470680
577062
430298
729370
787176
305112
483133
517503
482743
410941
929659
560387
855652
378394
988377
383350
999666
225140
968528
306454
603997
845925
984989
226402
365400
890320
373739
210485
864396
850045
961152
110029
415389
101886
204759
791136
43861
803478
